RmatrixBtoA = 9.96194698091745545199e-01, 8.71557427476581658699e-02, 0.00000000000000000000e+00, -8.71557427476581658699e-02, 9.96194698091745545199e-01, 0.00000000000000000000e+00, 0.00000000000000000000e+00, 0.00000000000000000000e+00, 1.00000000000000000000e+00
RmatrixAtoB = 9.96194698091745545199e-01, -8.71557427476581658699e-02, 0.00000000000000000000e+00, 8.71557427476581658699e-02, 9.96194698091745545199e-01, 0.00000000000000000000e+00, 0.00000000000000000000e+00, 0.00000000000000000000e+00, 1.00000000000000000000e+00
