# PITOT3 species molecular weight list created 19-Jan-2024. Units are g/mol
e- : 0.000548579903
Ar : 39.948
Ar+ : 39.9474514
C : 12.0107
C+ : 12.0101514
C- : 12.0112486
CH : 13.01864
CH2 : 14.02658
CH3 : 15.03452
CH4 : 16.04246
CN : 26.0174
CN+ : 26.0168514
CO : 28.0101
CO+ : 28.0095514
CO2 : 44.0095
C2 : 24.0214
C2+ : 24.0208514
C2H : 25.02934
C2H2,acetylene : 26.03728
C2H2,vinylidene : 26.03728
CCN : 38.0281
CNC : 38.0281
C2N2 : 52.0348
C2O : 40.0208
C3 : 36.0321
C3O2 : 68.0309
C4 : 48.0428
C4H2,butadiyne : 50.05868
C4N2 : 76.0562
C5 : 60.0535
H : 1.00794
H+ : 1.0073914
HCN : 27.02534
HNC : 27.02534
HO2 : 33.00674
H2 : 2.01588
H2O : 18.01528
H2O2 : 34.01468
He : 4.002602
He+ : 4.0020534
N : 14.0067
N+ : 14.0061514
N- : 14.0072486
NH : 15.01464
NH+ : 15.0140914
NO : 30.0061
NO+ : 30.0055514
NO2 : 46.0055
N2 : 28.0134
N2+ : 28.0128514
NCN : 40.0241
N2O : 44.0128
N3 : 42.0201
Ne : 20.1797
Ne+ : 20.1791514
O : 15.9994
O+ : 15.9988514
O- : 15.9999486
OH : 17.00734
O2 : 31.9988
O2+ : 31.9982514
O3 : 47.9982
